#Computational Linguistics, Summer 2015, Exercise Sheet 8 data file
#In each line of data, there are three numbers separated by tabs.
#The first number is the index of the data point.
#The second number is the x coordinate of the data point.
#The third number is the y coordinate of the data point.
#
1	4.36007921238	52.9975252093
2	9.26400754674	-90.5035986276
3	-3.9253694782	77.7782926417
4	-4.48446240294	43.4589222553
5	6.83482121351	-80.2178768902
6	-7.46273054065	104.367409922
7	0.691764319643	-40.2909297078
8	-1.54186839621	98.1329649629
9	10.7676273544	-122.910854246
10	0.00186395158334	-36.0176380878
11	3.62927654177	126.814253783
12	4.66393940669	-103.377734713
13	8.36158780408	-85.3777777278
14	4.53172667339	-57.4964216588
15	-4.24752218064	71.7035571311
16	5.60945249445	84.4558419878
17	0.515062360482	-33.2178158324
18	7.92602001437	-94.8814529094
19	-0.301329824778	99.0869739689
20	2.1047588713	-9.69478918792
21	2.61746143308	-49.0663453687
22	-0.116369619388	96.8674973316
23	-3.53767313883	108.050084565
24	-1.31810513591	116.718132746
25	7.03654034337	-63.0728283658
26	-7.25011878274	58.3902017814
27	-0.0911560540654	68.9079160081
28	-8.07743506498	63.1111757292
29	-0.352925800756	-30.1358348742
30	3.77650626138	-21.4036764433
31	-5.50446007341	62.8552581086
32	7.45122619186	-38.0053786811
33	-9.22790851737	75.9428643006
34	6.4637664835	-124.920473728
35	6.83923195702	-84.4772066825
36	6.54441742675	105.129816677
37	8.19031015382	-65.3148265756
38	0.361255655334	78.0016703653
39	-2.50793618255	116.403635057
40	4.47251535435	-102.586894556
41	8.68839961343	96.5144920147
42	5.75664955403	84.3387881995
43	6.71380708494	111.97864585
44	2.45323809624	-44.7639992726
45	8.34142357947	-99.0795310236
46	4.81034883443	-67.4579744613
47	6.79711012241	118.766598008
48	0.722721129352	76.4619474678
49	3.2688344225	90.288482685
50	5.74096173295	74.5719526855
51	2.43535886088	72.9820567402
52	1.41252184529	57.7912046401
53	1.97694984359	72.2741291013
54	-9.284407197	93.0765928343
55	-6.42029786946	71.9905812811
56	-0.401660472448	80.0746368387
57	-4.98449860236	88.7008746599
58	-0.0540246641149	85.376788803
59	-5.8772613162	65.6750118415
60	-0.131124602769	-58.8674053174
61	1.53465942543	85.357012594
62	-6.52724009706	89.1273773936
63	4.23662412561	82.7026174112
64	5.00871960199	102.581035793
65	4.23388552466	61.093523639
66	2.92241617686	-95.6153142828
67	4.05434931763	-41.8878549846
68	-5.57600689798	53.8333286233
69	9.1853360633	-81.0074831347
70	0.123691632682	-23.4148889125
71	1.53934681011	-70.1797273629
72	-2.86388375008	100.657427333
73	-5.2558259093	107.875358068
74	-5.48366842247	93.1385622665
75	-7.10109330788	35.7543672963
76	7.09821970829	-75.5772032579
77	5.4989419829	88.4318672705
78	-0.968159125136	98.782472822
79	0.373501552851	110.439092482
80	-0.595595305816	123.887382034
81	-4.34511265183	-8.18716550562
82	-6.42106340669	69.6843313463
83	4.66988962996	-24.7083912001
84	1.62035308415	102.551725245
85	6.38017996165	-66.6643115176
86	7.55638733116	-50.7226227017
87	0.468700329707	93.2745149318
88	6.67838223136	-79.7380350984
89	0.464124767257	-29.7806089099
90	-3.69675999402	122.415173911
91	5.05517664615	100.418885493
92	-1.38987811796	61.5110197016
93	-1.70281026156	100.138753264
94	-4.9421977834	-24.3803419332
95	-6.87337618509	53.6130578253
96	2.13068509527	0.605073924778
97	2.68390794747	71.0071538479
98	-0.619610151003	-28.7491360989
99	4.66053954319	-62.2054825246
100	6.96298928858	-53.3464941751
101	-1.13775587069	-57.587504385
102	-0.169404535873	100.973780563
103	5.47908132796	-75.5501685044
104	1.91732557848	109.921618417
105	4.40345918125	-19.7927537022
106	-4.23079180926	112.951554631
107	-7.96815470742	115.783538297
108	2.77941525304	117.918728367
109	-3.01839878463	97.3077701682
110	-3.60538649133	76.0244041835
111	-3.21131083617	144.55981422
112	-0.630058591485	97.4822406791
113	6.43215868303	-68.3751058865
114	-9.61116354934	73.2238963481
115	10.7739971265	-94.0049092907
116	-1.0063036424	115.629070112
117	0.46128274653	-25.3908153541
118	9.81609055579	-54.6930407762
119	0.509604373332	116.344765836
120	-8.1291832724	86.5477427271
121	-2.32286633559	113.995950048
122	-1.49002819711	-35.6817506608
123	0.207926954094	-30.3604442201
124	3.94081963498	84.8855839485
125	-4.26247792697	45.6637566235
126	-0.419867669623	116.844295529
127	3.75413167969	94.6528189972
128	-0.091542559625	84.0851064637
129	-9.94404856559	98.6038284342
130	5.84229635003	100.672252787
131	-2.81353029958	73.8712837803
132	2.38265725237	56.7966992345
133	-6.20531664723	72.6895034225
134	1.4911038306	130.420785593
135	-2.89614887741	60.926869106
136	7.37500605178	-80.8888704605
137	-3.57261831938	73.4358694738
138	3.78669286562	-93.6445728255
139	-3.15705924779	69.9050149659
140	4.02190901631	-76.1813159136
141	8.29340143576	-126.312945493
142	-2.68737025474	-40.5064378247
143	6.3363050452	-69.3369912069
144	-0.206711666386	-31.8503869442
145	8.89432780399	-97.8858878593
146	-7.29845643596	132.462961765
147	-0.989331698992	-25.9104802793
148	3.51870569502	-86.7297069852
149	4.40388174739	-78.0666185008
150	-2.8059505858	120.800866782
151	1.60669778462	107.572351061
152	0.871519201373	126.349001892
153	-7.3749888642	89.9078782989
154	-0.703359478083	3.98697363717
155	0.21645538627	97.6386265133
156	5.44092312385	-77.967302289
157	6.73223408247	-46.8716276738
158	-3.84603115461	60.9628209212
159	1.56708067349	109.861509389
160	-1.95875286737	96.0171238354
161	4.54259357842	-116.615849282
162	5.41329815825	80.5489389554
163	-8.03355660173	86.2693033763
164	0.342950708193	114.908552423
165	5.45834935811	-63.8605909403
166	4.32766034694	-57.4243400379
167	-1.42658527558	103.20252699
168	0.859540584813	106.959263421
169	0.967838617597	-48.8622401139
170	3.00328179496	-46.7450186023
171	3.58834598538	89.2118616456
172	-1.25860029487	106.317620787
173	0.978289832532	115.855918075
174	-1.51020519746	23.3997619496
175	-5.41619910198	95.4641667443
176	6.84383801041	-89.1924979737
177	3.52591203266	-25.4017551718
178	-2.05619229886	105.994893903
179	-9.53404167387	86.82506664
180	-0.903395315584	69.6029038101
181	1.57851837509	90.0157213967
182	2.8715803244	71.4748253672
183	2.32021965447	-21.188603022
184	1.33178185141	91.3819815373
185	-2.81400381469	98.1253621079
186	-1.14064501419	21.8594443799
187	-3.66406602813	-20.0204908815
188	-8.44057192423	98.3306423242
189	-8.18575418394	87.1830489447
190	-9.6230522227	58.2599745803
191	7.60176322608	60.2745818213
192	-2.33936533539	-46.3990234737
193	9.85673866772	-76.6892057196
194	-5.27622564204	53.2953155981
195	4.69820755765	-124.747005229
196	5.00306846194	86.9792478543
197	-5.94590234067	40.3541326365
198	-8.07673560116	76.2512839582
199	-1.6625600323	105.509703636
200	5.0627589571	120.43894002
201	1.44758275761	-37.6600617149
202	1.75509698651	-15.2513345429
203	-0.171868286205	102.36652504
204	0.265823843137	-49.4000927647
205	5.08216255351	123.822622499
206	1.67222272871	-23.7852053141
207	-2.16279032771	58.1211392194
208	3.06083531275	-112.218971242
209	0.746090673185	129.117980215
210	-1.29447405161	79.1344200561
211	1.48943102249	78.0756506084
212	7.89289226233	108.779521734
213	1.72168026489	-9.87405669326
214	9.20272769176	-92.1363098506
215	-0.587571514387	-31.8098107563
216	1.16187959884	117.864566215
217	-3.00841629118	87.7568656213
218	3.46323578065	-96.9628663436
219	-9.6945608114	101.290865613
220	1.08229730418	99.3064986373
221	-0.254021041219	-34.6424269999
222	1.77697360495	91.6508090807
223	1.32031958837	76.917429651
224	0.660307316876	90.7669230299
225	0.925862038344	-14.6190175184
226	-1.65027828225	48.6521725244
227	4.65931163597	73.9867068042
228	0.227291623642	-41.8844972205
229	9.08209393786	-76.8225813715
230	-1.86132645531	77.3796048746
231	0.22491867285	97.908060879
232	-1.03765962368	115.428100427
233	3.25450375277	67.0807054144
234	0.895058634722	-41.4730056808
235	7.73936376209	63.1399112773
236	4.95003173721	99.5230219239
237	-8.75200468602	66.875486674
238	4.94939578175	92.4455992872
239	-11.3922222405	69.5449205286
240	-8.11197371095	112.874896475
241	4.0096231565	70.6240162428
242	7.54780569437	-125.501922039
243	-5.75995551271	73.2746015251
244	-6.79244749903	39.0912631368
245	2.31885519134	81.5902344665
246	4.82122717697	70.570426211
247	-6.41843326287	47.2961305968
248	2.61685201511	111.506381109
249	3.05737323873	83.9104916618
250	-7.79818744132	99.447455308
251	-8.53604042284	81.7746879408
252	-3.03904734033	121.193763642
253	1.81349899551	132.402901072
254	5.49104126035	103.037299864
255	8.8208108839	106.788037217
256	2.65545716443	-7.16651507026
257	5.84430273097	84.2526562833
258	2.1421040514	-11.5397971198
259	-1.8100666837	111.91631054
260	2.54208151612	-9.52540951467
261	1.0455120358	-30.5920614788
262	-3.79850959176	-3.75063368748
263	2.36245556283	96.6229782046
264	-1.53983170846	-10.8755142896
265	-9.94400026938	94.8709532846
266	-6.23079295214	76.7945998561
267	2.92377813087	152.937862348
268	5.55442768812	-105.389087596
269	6.45595603125	-93.8181752495
270	-5.26981724151	-24.0448425163
271	4.84524730642	-32.6449977004
272	0.98182887773	-24.2955996666
273	-8.99909967715	102.33418528
274	-10.3555596712	101.290576902
275	-4.20975610029	71.7568000933
276	5.49323386499	104.225632931
277	-1.47488121588	-10.3122871395
278	1.96603341144	99.1530915712
279	2.98393978392	76.5117219759
280	6.32798181027	-56.3626692014
281	0.802090213205	67.3697423966
282	-0.2808075092	93.2717979463
283	-2.01973586147	120.654316028
284	-0.329377522706	-17.7912322082
285	3.13505612795	55.3916767567
286	6.01755481144	74.9691610119
287	-1.85855939743	-4.52404513527
288	6.24789313749	82.3064594885
289	-10.2083710829	73.8351903929
290	3.28457421354	77.5050878734
291	1.08316576517	96.8229729733
292	-8.81836141765	49.8621157685
293	3.04822292264	-88.0132249943
294	6.26718708973	-95.4362949329
295	-2.36244585699	92.1722546504
296	5.96350386133	92.3254794415
297	-7.79946720655	51.5162915035
298	-3.60981276979	-64.6494901839
299	4.31886001353	-56.1166807506
300	-8.31346222522	69.4226638154
301	-7.81134146579	82.813784969
302	-9.72039753311	125.598088149
303	-2.24826340507	88.3364597604
304	3.76440882329	103.032879652
305	-6.14629510268	62.692493887
306	-0.174233378048	-32.3761490802
307	-0.683773891745	56.9242909557
308	1.28027384012	-19.9729933548
309	5.81584294326	-86.5307125875
310	-0.0486626408491	-23.8680766266
311	-7.5849061264	77.7990487175
312	5.22716354474	81.5122176301
313	-5.81572390979	121.622049038
314	-6.54925336249	87.4476295305
315	-10.1222694376	91.3262966521
316	-1.36857713861	-52.9420637442
317	1.60306755719	-11.3810239553
318	6.12453352755	90.7176974575
319	7.78406336626	-86.878709204
320	-0.939460941571	-6.48193818979
321	-9.27717575152	61.8129761951
322	3.03703566517	94.4805639212
323	6.42191009508	77.8088249226
324	1.35418685715	123.828253093
325	4.77655004871	88.3625517054
326	9.75390132237	-107.157803242
327	-6.37174925282	74.7634654935
328	-1.62527536643	-5.27796688016
329	9.61698206255	-54.8131323736
330	-0.0486553074608	106.831690638
331	0.176195655314	-42.1135659945
332	-3.77415475649	-5.78607473254
333	-5.62646338974	91.0623946065
334	-5.51308512604	113.840878082
335	6.60150438702	-78.7076270531
336	5.38125877213	-58.1236571547
337	-6.37177788922	64.2772732077
338	6.03212670664	-87.3223661315
339	5.5200751986	58.726330293
340	0.185616761863	-7.77761718569
341	2.37329828762	-12.810799647
342	-0.702741415273	-25.5036659667
343	2.3699550882	84.8704606363
344	3.9726731245	69.6025332682
345	4.39633805041	-121.547106021
346	-8.04655734197	82.0990871974
347	-1.27594173527	-43.8172966401
348	0.894464057147	-28.0462697514
349	0.927573239587	111.804058632
350	-2.56788589798	104.147182203
351	-3.67868769925	120.946436571
352	0.452443024555	-37.2909504258
353	4.49105959396	-28.2422332926
354	6.39248267657	-80.6801756
355	3.56150163913	107.65091164
356	5.07225933897	-90.9038934732
357	-4.2721328439	73.3788801853
358	7.5056677741	-92.7809959974
359	3.48375244153	57.3923436948
360	2.17001280037	-18.424394127
361	7.64851064559	-110.403882864
362	-9.03904375707	53.9112723955
363	2.87703394671	135.447753187
364	5.42113770017	101.334519635
365	-0.8063860679	80.3194587472
366	3.43937998027	91.7465988994
367	0.213583814498	120.385272888
368	1.99815818104	123.509812526
369	-0.94851610772	103.01052703
370	-4.18796014334	79.1700775473
371	-7.03436485701	72.5540538669
372	2.09869774794	-38.0806366775
373	-7.66387943363	58.251942846
374	6.09951223558	-94.4174559343
375	4.37935598894	89.5629935354
376	4.04824195463	70.0654544988
377	6.32414295854	114.085769839
378	6.27651805007	-113.515562372
379	0.529926297692	-31.0264775827
380	5.43168996312	94.0927674369
381	-8.9609491706	54.4699138019
382	5.63422057875	-91.6758331206
383	3.6534040031	84.5439957019
384	-2.04045311961	-58.6053732817
385	5.46781591907	-109.944546805
386	1.22395612615	118.221683897
387	-6.76079370679	88.3726467097
388	6.01466624344	-105.950089475
389	-1.23038905302	119.038509086
390	-7.62299175872	78.4831100603
391	1.71025322908	-20.9314604894
392	8.03179869378	-74.5654660873
393	3.64969971782	95.5502867295
394	-0.72577174686	86.0264453216
395	5.99166213118	127.550851945
396	-8.95439304857	63.6067959288
397	1.83956881292	-22.557830564
398	-4.3572677295	-28.7537519669
399	8.35645763773	-83.1278045785
400	0.254470346317	95.0915977238
401	7.2454256239	-121.959081073
402	8.09457361631	113.766204523
403	-6.72485414892	54.2338088407
404	4.42997515627	90.6590256858
405	9.34996139737	-111.256151792
406	0.599183492475	68.872180183
407	0.570116829457	-14.2897400005
408	2.73039741271	68.4675341103
409	-9.92083793355	80.2137536302
410	2.40369204836	-140.929219196
411	-4.18315202673	91.2845293857
412	3.32999810321	-89.8804202911
413	3.56501410896	93.8653069126
414	5.20626751622	-128.645733109
415	-9.47634735913	71.2783673772
416	-0.83127467901	87.7629062527
417	0.00422179253752	-46.3166880877
418	-6.16880672148	65.5253589018
419	0.475684943772	86.3208790148
420	0.335503885029	5.35369842395
421	-9.93456000117	109.12785382
422	1.56971386667	70.4699517425
423	3.85183603774	-6.89267122218
424	1.30345543428	92.38325884
425	-7.54722611351	98.3903850348
426	0.319758139993	10.2284079555
427	-6.27573011246	68.1168398943
428	-6.89921238471	73.5851524551
429	0.383007741337	-23.572309212
430	1.76750265142	13.9032511882
431	7.0561491452	-63.7631645779
432	3.67979119803	117.624326661
433	0.0587147404667	-7.52808147269
434	5.86623514876	-45.4541019675
435	6.53677164015	88.8984555113
436	0.00440131153048	47.4210050671
437	-3.23758420975	-8.23942523002
438	-2.73998708174	97.7937760303
439	1.3922083908	-20.8062668494
440	6.13782474454	97.7336831883
441	5.76885454288	-53.2825071494
442	2.8922623882	104.225540785
443	2.18861594821	100.763172551
444	4.25214218733	81.93546209
445	-2.53234004518	-30.7749992473
446	-8.37310085681	62.6614057428
447	2.61915321442	-30.2820741291
448	2.6862447858	117.330802367
449	0.211362681342	54.3631646927
450	8.716689251	-128.784202447
451	-7.50702418223	115.978776057
452	6.91090427161	110.861743401
453	-1.59391490888	119.46598769
454	-6.48446807155	61.2904041887
455	0.888188390138	-31.5216060919
456	-0.466661402356	-30.929851667
457	-0.344737305645	75.247053528
458	4.64480905836	68.162290137
459	1.49684031349	76.5171979014
460	-2.6162032703	50.8808558108
461	8.95382500024	134.393151374
462	1.27944170788	72.7949379107
463	8.55348057425	-84.3643330353
464	4.24785206889	70.6455090353
465	4.98787864049	-98.7553669624
466	3.35643943903	85.9557601275
467	5.7767410871	116.487739257
468	7.82374386599	-50.2306180088
469	-4.4703970454	110.974233111
470	-7.91178709567	89.649979653
471	-1.10847682833	-44.5540218303
472	-9.0999774193	84.2600206293
473	4.45790182435	95.6183001347
474	6.95196804419	86.0017963266
475	3.30693488246	-5.90259821157
476	2.47949548266	-77.8140223187
477	-2.30472260776	-25.3640513795
478	2.28919626219	-35.6440209549
479	4.25038118802	23.3657016448
480	6.07969063664	90.5694572195
481	1.81768578764	-10.558001351
482	-2.21465600563	75.1729292487
483	1.97163071401	-33.5803837852
484	8.80823317711	-97.557118611
485	4.61437963565	-79.5689708841
486	3.61024650572	103.389839656
487	5.36199210619	-76.0469761813
488	5.88888486242	97.7648152463
489	4.60490907887	102.088906841
490	3.88591466048	-86.2424082068
491	-8.37954050186	96.5647038322
492	-2.20982114377	62.1281204799
493	1.88679828426	46.4790280475
494	2.99579998344	-103.079103426
495	3.93001485171	116.231741636
496	4.64877079791	82.6066631113
497	-3.15468962615	59.630735146
498	-7.31378153139	104.974721613
499	-2.0973205332	133.063243014
500	5.13136458682	-72.9553979754
501	-6.06192254497	101.187187903
502	4.95008123605	80.9739344496
503	3.21005343142	-21.4136624044
504	6.87228631601	113.310078317
505	4.72521599833	115.293433402
506	-0.952007498066	93.2920507116
507	-7.9416638101	94.8015696441
508	-0.142807394638	111.066617498
509	-1.55665490956	-60.745826693
510	-6.27909056877	71.7993782844
511	-5.39667363141	71.3976436048
512	-3.06999365873	-34.0434074467
513	3.70929157806	-101.054792042
514	0.572795620544	110.684595867
515	0.510409918253	-13.0827002828
516	2.30670450168	112.600398616
517	4.61420803491	-81.3818088212
518	9.74908486235	-93.4907534099
519	5.31252429421	-109.893466797
520	2.92911425937	-34.964010775
521	6.45133321918	-86.9430356749
522	-1.46911580543	120.452685392
523	1.96441046607	-14.8245415339
524	-4.2093955863	113.220757943
525	-8.14981797408	80.4439883511
526	-6.06009695938	62.1160476915
527	8.75283606857	-59.3387634455
528	7.25172158192	-74.7289726089
529	-0.0659783722301	111.402498863
530	7.55341020939	-91.6255080437
531	0.902311285441	-18.9734053995
532	5.31151754605	82.7408062793
533	8.81683111805	107.528713175
534	3.38768468913	-18.0399956125
535	0.824241195819	-31.9072785692
536	0.420814558392	-48.4673181234
537	3.06643765643	77.3065706894
538	5.9588883187	-66.2397596278
539	5.31470159896	99.5016907016
540	8.11161380601	-98.3400571215
541	3.09775209964	-81.5260169502
542	3.42608832389	-7.03090892678
543	-1.91140953217	-77.6259284189
544	5.26841966971	-102.964089925
545	6.34819807297	99.9966988273
546	2.47734914566	97.1656164207
547	-8.00182852834	52.1579711008
548	3.24580446913	-38.5424356982
549	0.031780423149	-16.5329372818
550	-0.734728400006	89.3238002237
551	3.04076020411	-78.936557966
552	-6.98496241881	99.1232053058
553	9.55092623088	-101.479409346
554	1.18013857515	2.08913396473
555	9.06837363434	-78.9475488132
556	-4.60513969547	58.6054634551
557	2.2038586318	-93.0547048824
558	5.07880178277	104.291067212
559	2.75402598503	114.74986948
560	3.21666252674	110.959415013
561	-2.3715729229	108.725732018
562	-8.37454345645	87.8779310111
563	-0.855499588144	-38.8134367379
564	0.262065069414	-74.3344553951
565	-3.61463145774	81.0956977858
566	2.7661953984	102.809787752
567	-7.6006703724	78.3236792652
568	0.235776356457	-44.4748386746
569	0.213868818204	111.025201599
570	-6.26307899215	79.563420273
571	-0.945704402142	0.747069049271
572	1.30599117858	-21.5524593525
573	6.33938846909	-56.7623726473
574	0.591739360547	87.0574622639
575	5.66152317462	116.49444187
576	-8.18048492085	94.9369865924
577	-3.88439016873	104.720746819
578	0.335452321152	-64.9822213415
579	-5.84038740714	71.2057273657
580	6.59831896051	-113.932061056
581	-5.7421068212	115.434213578
582	6.25456807414	84.4287081461
583	2.4193608952	113.753414519
584	-8.28779059111	66.4172427733
585	4.77162765668	97.4118773511
586	-6.24733651876	113.71229358
587	-0.610111296054	12.1395917412
588	9.46332152813	-99.0711221005
589	4.80931244672	105.196827537
590	6.24040576143	-93.6206076196
591	0.124581954056	114.472099381
592	1.44513346777	122.778052045
593	-9.25107669765	43.2374915055
594	-1.63208084358	-48.1026354625
595	-7.37749461658	82.5381511649
596	2.89905864797	74.0333360761
597	-0.766389619544	-33.3449577291
598	0.975051983695	130.603106888
599	3.46479141753	-15.9100310014
600	1.90128032562	96.1119282856
601	2.20967382649	72.7411965164
602	0.430998523872	64.4119446769
603	-5.20774708461	64.8280532409
604	6.70180721668	-98.332350355
605	7.94072679597	-84.2118706536
606	-6.04514743301	103.328240425
607	-0.77795902919	-57.7571669781
608	-3.67765997364	87.7178578947
609	-7.52318014471	115.080888652
610	9.81977564026	-128.480891069
611	4.33299461547	63.637086342
612	-6.93709214013	109.193558692
613	0.139420982504	77.4118980016
614	1.65929654989	96.5357787722
615	4.25121641166	-105.133311083
616	-3.89686363866	72.1944192861
617	3.16668690546	-66.2910321887
618	4.42735225532	112.774791325
619	7.87073146017	-72.0566378414
620	-2.8097550404	73.9167947776
621	-0.349098965215	104.445106757
622	7.67007200795	-75.4116821241
623	-2.43488385792	-24.7203749588
624	2.3630104779	-25.5087612808
625	6.79605167572	92.2389608717
626	-1.20497488012	59.3704010083
627	-2.43426509198	91.9951571849
628	8.38418452726	103.825849806
629	1.38426720921	88.1479018842
630	6.82093503822	89.2821658825
631	2.28912140066	-63.2907336409
632	0.492276085638	83.5570355545
633	-4.08444618558	75.269482801
634	3.95633297355	90.865251101
635	9.73494361686	-107.404833426
636	-2.20072029395	-19.6442836297
637	-2.7511003259	96.7633168585
638	-4.88478069817	-29.7499716173
639	6.4626615613	76.226238625
640	-6.5920277881	85.9763656477
641	7.24967123599	-95.1882375035
642	0.337465206745	-44.4282922982
643	-1.71853324768	117.719148129
644	-10.5466112556	65.7406798285
645	-3.00166551476	96.7218215024
646	6.67080845883	-85.2480847763
647	-1.78109089232	116.186362623
648	-0.861361205105	106.545457952
649	-3.4330498178	72.0648693325
650	3.88954287971	81.1398239488
651	-12.6538504786	94.085821906
652	-4.91321664053	119.617795019
653	7.14750402047	98.2729529781
654	-0.612242948903	-12.0609452734
655	0.433989594745	17.1289339989
656	5.23153706326	-66.50016462
657	-2.55691106368	69.9728468756
658	4.44498567127	-72.7441942691
659	-2.30165212766	76.2427788061
660	7.61651847417	-71.8852173819
661	5.09296223024	106.412374213
662	5.867248965	-73.2296005034
663	7.12760546222	102.508095631
664	7.66322935007	-54.7348378423
665	4.47281709937	108.682022199
666	2.55236857611	124.038431097
667	8.95526093137	-100.625364428
668	6.50491456618	-107.183178618
669	-3.90390840227	120.549601603
670	-6.93295773094	64.9006464639
671	-8.05249513478	78.6536620371
672	-4.42906934383	52.4128067863
673	5.57083230137	76.1528756183
674	0.806030488231	-8.08402485685
675	3.69966753813	94.8713800772
676	2.82940865488	109.360833976
677	3.58642248813	-112.411464208
678	-2.26999989766	72.742830528
679	-0.602000843128	-31.429531846
680	6.14807866135	-75.5456827904
681	-0.570002028919	-49.3666703604
682	5.96677938913	90.6446311284
683	0.164776555872	-17.6866069265
684	-9.7423833013	60.2697048029
685	6.6514837436	-83.0291980249
686	6.97423645599	-76.3612088061
687	4.23462836089	-89.5175359267
688	6.19445380666	-57.9017945468
689	-5.23353700182	78.19787168
690	5.56876653538	83.3776675292
691	6.19472891828	91.0942640499
692	-0.802968256907	-23.7581786741
693	2.01440337606	-32.0962277843
694	10.0416104323	-64.8117067771
695	-2.23934160895	-34.0993383313
696	-1.02977357335	117.996493972
697	-6.78184704336	109.05102387
698	-1.05202507351	-28.9204522604
699	4.45203166682	-6.34177823961
700	5.03618295197	-57.4721722993
701	1.00624904344	-30.3149727014
702	-10.7617249801	117.328034833
703	-3.9175967799	-54.4664208946
704	-8.37362921167	66.7593694819
705	-9.05935427598	52.184412341
706	-0.33434952827	65.7416610175
707	-2.80463015779	-34.1635206779
708	-0.606404964067	90.2522884899
709	0.676068369382	-51.514887715
710	-6.42915750498	69.4339214132
711	-1.35950624218	31.7530653533
712	-3.65522440005	120.70581536
713	-1.09293971911	-35.6987792126
714	-1.02889307013	109.970663439
715	0.303086857163	114.041186612
716	-1.03254585017	90.9963638705
717	-5.67399318207	43.6379071913
718	0.379885821243	99.9118736813
719	0.0785409554064	-0.22796174098
720	-0.297707249797	115.414060659
721	-0.677625827889	92.7070154922
722	1.23293580444	-48.1225375018
723	-11.1369619377	64.4902956152
724	-6.40318013008	69.6121344399
725	7.01518480711	102.587182299
726	3.03977610434	74.3898371762
727	5.46612830957	118.564735131
728	-6.19475712798	89.5034824879
729	5.55200685357	-71.4742900102
730	1.74948320563	-22.6313414785
731	-1.78203944265	-23.8168569213
732	-0.616566779944	-3.83205628074
733	6.24783507291	-75.6391461944
734	4.86782877289	99.7474948074
735	1.44031810307	-41.042109339
736	2.66626559076	-92.8179155129
737	-1.10220198475	-30.2549597205
738	3.43197579779	83.7433517198
739	-6.3461267956	68.934930252
740	-3.58847084764	85.1214510971
741	1.34840481786	-32.4870249742
742	-9.43770600055	100.987279933
743	-0.8364484006	68.2237849668
744	2.29932214958	-88.9572910193
745	4.70997396639	-71.5199808966
746	4.20197625108	111.009732521
747	-8.17670667737	78.0116755579
748	12.9686203292	-68.6401216857
749	-4.07289653043	107.41081095
750	3.05514537963	-44.5422562624
751	-5.3946103632	79.9287481238
752	1.68298364538	-64.0520715937
753	5.87223190586	-85.7683413715
754	-4.43843443814	124.423816123
755	3.45151195906	-31.5678258684
756	-8.47986591647	103.922123726
757	-0.41824772883	-44.3456928471
758	5.90754894128	76.4071517332
759	2.04422391718	89.1729634007
760	-8.82390829559	111.82511397
761	1.01326796509	-36.6140889161
762	-2.33313723946	103.566884068
763	5.23575419444	-65.1547238749
764	-6.1400364347	74.6155329542
765	5.8316047914	101.548983636
766	9.08858290656	-66.9857904361
767	-7.4035342549	67.5440039682
768	6.48648327625	82.5880731674
769	-6.23226488464	75.9514288265
770	2.45039818377	136.870912143
771	7.60231176365	66.3289670162
772	-10.5131638898	72.159102356
773	-8.75603440469	89.058013834
774	-6.61446336435	77.7037158469
775	4.15282662381	-84.3571471842
776	-5.92735109046	101.846616875
777	0.801722524498	134.493090104
778	7.92807833601	-77.3121953262
779	-9.12775521964	88.3727162134
780	-1.06038329114	145.753140165
781	1.94234039757	89.5840179771
782	3.34769187648	85.3819781449
783	4.3144158403	-74.0573495322
784	-4.28730462426	82.3567576042
785	-0.706204183938	95.0462076297
786	7.65608922324	-112.105534664
787	3.93867463543	84.4418724214
788	-3.46159539907	95.4102414659
789	-5.3340570922	72.6792591646
790	6.78490322334	-71.0348957679
791	4.86394502591	111.17166013
792	-1.17446246388	119.02240512
793	-8.30415865211	74.3940532699
794	0.664165458639	100.026842413
795	5.41403463793	80.0020044625
796	6.28003445146	-74.3629560367
797	2.38424197431	135.692047174
798	-0.329741319073	123.545462161
799	2.21343286106	-29.7264741937
800	5.6978554754	-82.5210324399
801	3.77887324703	91.8436336785
802	4.27515363128	91.2914991993
803	5.17293340332	-17.5851504254
804	-9.70482577506	104.537218652
805	2.74046737896	105.720205008
806	3.55922137224	97.5245380312
807	6.18566992209	-79.6008534417
808	8.09030572175	-66.7317540195
809	-1.46966997095	-20.0354543443
810	-3.62370120963	73.635062928
811	7.90641043268	-68.6569753982
812	0.23712993647	84.9393562336
813	9.41153229773	-115.086860258
814	3.12502554181	2.32682898034
815	0.259103006975	74.531445794
816	1.09011520876	102.83227866
817	4.78216113965	106.393156162
818	7.12147497718	69.0785908292
819	0.189019142412	110.907179877
820	-7.56481982147	80.0208424876
821	-5.68819089592	78.6529412921
822	-5.18162762367	97.7527932426
823	4.50721031825	64.4179886109
824	-0.699470388552	-47.8428357214
825	9.61063873288	-104.584967676
826	1.33372982361	131.626400928
827	-8.19924380812	39.9613988464
828	-0.142422952478	82.6495281182
829	1.02583247695	104.150719184
830	-5.95405563068	53.8777818358
831	1.51580231156	-33.6771599051
832	-10.1481289924	67.3759265646
833	9.02933117249	-75.6221209506
834	5.05753493729	103.45753913
835	1.94012887647	-14.9174753985
836	-6.07879281467	62.5681695877
837	3.05616851176	127.817132185
838	8.72949973301	88.1068076809
839	4.82493875766	77.5971075856
840	-1.26002880201	93.2887714043
841	7.1106050053	-86.190092655
842	1.59315601262	103.786479735
843	3.57761855005	-108.41412918
844	-7.28102034005	62.4548940164
845	6.03035607408	97.1726530416
846	9.43105813052	-81.6076217591
847	-6.45752759435	55.5473781663
848	1.28067030392	-68.8594950548
849	4.96043716478	81.4863212601
850	6.65766320404	-113.927023824
851	4.350021521	80.4230563309
852	-8.28624971773	52.12371547
853	-2.22696744416	-45.7131145944
854	0.10741202675	67.3096657455
855	4.55546464763	-45.2984431685
856	3.58420183595	-20.1873566509
857	-9.08210488788	97.0680654421
858	-7.17904264392	102.527377406
859	1.76915144743	101.729700518
860	1.23413312187	106.033905556
861	9.69433505064	-58.3597242391
862	-2.38891545556	-29.3535379864
863	7.31762549277	-85.0851647882
864	-0.474319374408	-37.9432023603
865	-7.64754554914	92.8069477622
866	4.98955634907	94.4843355511
867	2.67292510362	-54.9634123326
868	-0.78525026097	135.47403247
869	6.90742591621	-86.9540984892
870	5.90646588301	76.6472789082
871	-7.34572073676	84.0398378607
872	1.65477368742	107.14233161
873	-4.01865020773	93.6902468956
874	-2.39454672473	-49.8615293311
875	3.10412248476	101.858083939
876	-7.3634955454	66.7259540963
877	7.84197179996	-75.7841933192
878	3.83414934711	64.166255617
879	-8.01072671915	47.7962260207
880	-1.0831283163	97.8597215801
881	1.85078861362	-61.645296382
882	6.04722189377	67.8152303582
883	-7.34329452393	96.254628885
884	3.42776008567	-99.6018686502
885	3.5061360102	-35.1212281064
886	-2.44810965902	106.557736948
887	4.98743913554	83.4144046382
888	4.07927341234	-104.097238714
889	0.381473220445	-20.0799548196
890	-0.0711732443849	-21.5601145675
891	5.70544947707	-86.8441886042
892	8.99360427646	95.3953725992
893	3.53985524911	181.008419988
894	0.00899813455959	124.430103445
895	1.86305475136	100.989179215
896	-8.27295424416	54.7580564508
897	5.80114008135	137.43682168
898	4.68906007993	-43.0223969413
899	-1.36885363755	93.8433038123
900	7.66089653767	-86.5851257213
901	-10.239910917	76.4683653316
902	0.587922823807	101.289522838
903	2.18137040452	124.583531266
904	-1.44283240137	-46.6840116964
905	-5.17717266335	65.2678582935
906	8.24509616473	-74.7521155172
907	-2.9005488288	-37.189133031
908	2.19102785221	83.4596448946
909	-4.92212797192	52.1196622875
910	5.79847562278	-69.0883222622
911	7.15309489203	-79.5679174061
912	6.92192213572	-76.6946343144
913	3.80165562465	-42.9051479348
914	-7.04143210559	99.5086425805
915	2.07969082162	-26.650366581
916	-2.64734921642	105.530824113
917	-0.00985416327523	117.39557983
918	8.1925369517	-83.638837835
919	1.70227187302	85.8539446275
920	2.30594997478	-81.7061860276
921	-2.55667947262	106.307887446
922	-1.76940585017	-13.5951373166
923	3.83675529753	125.95647721
924	-0.217772321832	-5.28564012682
925	4.11467745611	78.7930366708
926	4.05363475848	-30.3944278058
927	2.09836272458	102.60792549
928	-13.0571361169	90.4043151901
929	7.75251043322	-57.1817205315
930	3.08895497209	87.3386632437
931	-6.66223983357	67.9878000179
932	1.83655416747	71.3939949682
933	-2.28742588518	90.9157860868
934	3.76060433406	-69.3092956609
935	6.56185757994	-76.5075521761
936	7.28075950874	-61.8066670878
937	-7.03771280076	88.3449287496
938	2.11959195788	-35.7807172166
939	0.544901678369	112.579502483
940	0.748942227129	-46.3337082016
941	1.73845629322	-24.2583949831
942	3.77669921868	144.921022778
943	5.35461076666	42.7591984543
944	-3.79039010644	80.042957827
945	3.47676209097	104.130360277
946	6.36040340453	-97.2700972174
947	4.67539704673	90.3635545517
948	3.89141822373	50.7114510907
949	9.30346419601	-103.772605372
950	-4.4793321806	94.7953338496
951	2.75280778349	-3.74929517053
952	5.15569743422	105.685071785
953	-5.15625774931	58.7729025606
954	6.38653404073	-112.034774581
955	0.933129031017	86.1618198691
956	-5.79594301117	-34.3040906903
957	-6.53082700834	51.9832416836
958	-6.37415662657	105.126983883
959	1.81444611729	-25.6687588259
960	1.13708123874	-40.3431262174
961	3.32490094761	-103.139669734
962	-6.8095389096	108.772427735
963	6.41718189254	-67.5643684392
964	6.73787488048	-74.5172284651
965	4.23795966043	118.408273835
966	-1.37549223852	-33.0542236428
967	-0.336143264953	-21.1954285325
968	0.28336432271	-17.5177707054
969	-0.624068138113	-59.0639365197
970	0.424616746647	93.0091135377
971	2.81444309509	-22.3648141908
972	-6.1655088525	37.8218172755
973	8.86713719347	-105.151605504
974	5.95845653834	123.161229931
975	3.54243035998	120.741589755
976	-1.63610459675	129.843673584
977	3.4393995656	-63.3456633024
978	2.9479543019	87.9518799298
979	0.919491058916	106.608685307
980	-11.5089387387	101.357428029
981	-0.562720876775	99.2100539437
982	-12.7614626152	52.6407675928
983	6.2066748067	-116.034418938
984	0.849113626477	92.6311136134
985	-1.37577350974	79.2342431842
986	4.16142355713	-102.374553814
987	6.27160301055	61.7880907568
988	4.69699015273	-87.1034683143
989	-4.87114301195	77.307077949
990	-1.00295428043	109.612570542
991	1.69376003958	63.9379177589
992	-5.17891410134	85.8040280207
993	4.46086013729	98.5309089395
994	1.43456180324	-24.8631105446
995	-6.30966334282	78.3113794092
996	7.88354616869	-88.1266082151
997	2.01095713738	-36.683321174
998	7.30420691356	-65.6411832492
999	2.95768884086	84.5089193677
1000	3.49155220543	-49.0013652496
